Log(Exposure (sec)) Fluxlimit(erg/s/cm^2)
    1.0000          3.3163e-12
    1.1800          2.3160e-12
    1.3600          1.6391e-12
    1.5400          1.1603e-12
    1.7200          8.2137e-13
    1.9000          5.8955e-13
    2.0800          4.1805e-13
    2.2600          3.0372e-13
    2.4300          2.2222e-13
    2.6100          1.6177e-13
    2.7900          1.1888e-13
    2.9700          8.7717e-14
    3.1500          6.4725e-14
    3.3300          4.8425e-14
    3.5100          3.6229e-14
    3.6900          2.7483e-14
    3.8700          2.0848e-14
    4.0500          1.6035e-14
    4.2300          1.2505e-14
    4.4100          9.6180e-15
    4.5900          7.6051e-15
    4.7700          5.9308e-15
    4.9400          4.7621e-15
    5.1200          3.7654e-15
    5.3000          3.0188e-15
    5.4800          2.3870e-15
    5.6600          1.9137e-15
    5.8400          1.5393e-15
    6.0200          1.2472e-15
    6.2000          9.9989e-16
